09 13.716666666666667
10 16.666666666666668
11 18.71666666666667
12 4.016666666666667
13 8.133333333333333
14 5.966666666666667
15 5.916666666666666
16 8.15
17 0.0
18 0.0
19 0.0
20 19.483333333333334
21 7.550000000000001
22 3.533333333333333
23 0.7166666666666667
24 6.75
25 0.0
26 7.466666666666667
27 5.016666666666667
28 10.666666666666666
29 9.6
30 0.0
31 10.683333333333334
01 8.0
02 16.316666666666666
03 17.133333333333333
04 1.3833333333333333
05 13.833333333333332
06 0.0
07 1.6333333333333333
